function[X,D] = trainingData()
X = [1 0 -1 0 0.5 -0.5 0.5 -0.5; 0 1 0 -1 0.5 0.5 -0.5 -0.5].';
D = [1 1 1 1 0 0 0 0].';